750286 0 0 -238095 0 0 0 0 0 0 0 0 0 0 0 0 0 0 0 0 0 0 0 0 -238095 0 0 0 0 0 0 0 0 0 0 0 0 0 0 0 0 0 0 0 0 0 0 0 -238095 0 0 0 0 0 0 0 0 0 0 0 0 0 0 0 0 0 0 0 0 0 0 0 0 0 0 0 0 0 0 0 0 0 0 0 0 0 0 0 0 0 0 0 0 0 0 0 
0 750286 0 0 -238095 0 0 0 0 0 0 0 0 0 0 0 0 0 0 0 0 0 0 0 0 -238095 0 0 0 0 0 0 0 0 0 0 0 0 0 0 0 0 0 0 0 0 0 0 0 -238095 0 0 0 0 0 0 0 0 0 0 0 0 0 0 0 0 0 0 0 0 0 0 0 0 0 0 0 0 0 0 0 0 0 0 0 0 0 0 0 0 0 0 0 0 0 0 
0 0 750286 0 0 -238095 0 0 0 0 0 0 0 0 0 0 0 0 0 0 0 0 0 0 0 0 -238095 0 0 0 0 0 0 0 0 0 0 0 0 0 0 0 0 0 0 0 0 0 0 0 -238095 0 0 0 0 0 0 0 0 0 0 0 0 0 0 0 0 0 0 0 0 0 0 0 0 0 0 0 0 0 0 0 0 0 0 0 0 0 0 0 0 0 0 0 0 0 
-238095 0 0 2.17886e+06 0 0 -238095 0 0 0 0 0 0 0 0 0 0 0 0 0 0 0 0 0 -119048 0 0 -476190 0 0 -119048 0 0 0 0 0 0 0 0 0 0 0 0 0 0 0 0 0 -119048 0 0 -476190 0 0 -119048 0 0 0 0 0 0 0 0 0 0 0 0 0 0 0 0 0 0 0 0 -238095 0 0 0 0 0 0 0 0 0 0 0 0 0 0 0 0 0 0 0 0 
0 -238095 0 0 2.17886e+06 0 0 -238095 0 0 0 0 0 0 0 0 0 0 0 0 0 0 0 0 0 -119048 0 0 -476190 0 0 -119048 0 0 0 0 0 0 0 0 0 0 0 0 0 0 0 0 0 -119048 0 0 -476190 0 0 -119048 0 0 0 0 0 0 0 0 0 0 0 0 0 0 0 0 0 0 0 0 -238095 0 0 0 0 0 0 0 0 0 0 0 0 0 0 0 0 0 0 0 
0 0 -238095 0 0 2.17886e+06 0 0 -238095 0 0 0 0 0 0 0 0 0 0 0 0 0 0 0 0 0 -119048 0 0 -476190 0 0 -119048 0 0 0 0 0 0 0 0 0 0 0 0 0 0 0 0 0 -119048 0 0 -476190 0 0 -119048 0 0 0 0 0 0 0 0 0 0 0 0 0 0 0 0 0 0 0 0 -238095 0 0 0 0 0 0 0 0 0 0 0 0 0 0 0 0 0 0 
0 0 0 -238095 0 0 1.46457e+06 0 0 -238095 0 0 0 0 0 0 0 0 0 0 0 0 0 0 0 0 0 0 0 0 -476190 0 0 0 0 0 0 0 0 0 0 0 0 0 0 0 0 0 0 0 0 0 0 0 -476190 0 0 0 0 0 0 0 0 0 0 0 0 0 0 0 0 0 0 0 0 0 0 0 0 0 0 0 0 0 0 0 0 0 0 0 0 0 0 0 0 0 
0 0 0 0 -238095 0 0 1.46457e+06 0 0 -238095 0 0 0 0 0 0 0 0 0 0 0 0 0 0 0 0 0 0 0 0 -476190 0 0 0 0 0 0 0 0 0 0 0 0 0 0 0 0 0 0 0 0 0 0 0 -476190 0 0 0 0 0 0 0 0 0 0 0 0 0 0 0 0 0 0 0 0 0 0 0 0 0 0 0 0 0 0 0 0 0 0 0 0 0 0 0 0 
0 0 0 0 0 -238095 0 0 1.46457e+06 0 0 -238095 0 0 0 0 0 0 0 0 0 0 0 0 0 0 0 0 0 0 0 0 -476190 0 0 0 0 0 0 0 0 0 0 0 0 0 0 0 0 0 0 0 0 0 0 0 -476190 0 0 0 0 0 0 0 0 0 0 0 0 0 0 0 0 0 0 0 0 0 0 0 0 0 0 0 0 0 0 0 0 0 0 0 0 0 0 0 
0 0 0 0 0 0 -238095 0 0 2.17886e+06 0 0 -238095 0 0 0 0 0 0 0 0 0 0 0 0 0 0 0 0 0 -119048 0 0 -476190 0 0 -119048 0 0 0 0 0 0 0 0 0 0 0 0 0 0 0 0 0 -119048 0 0 -476190 0 0 -119048 0 0 0 0 0 0 0 0 0 0 0 0 0 0 0 0 0 0 0 0 -238095 0 0 0 0 0 0 0 0 0 0 0 0 0 0 
0 0 0 0 0 0 0 -238095 0 0 2.17886e+06 0 0 -238095 0 0 0 0 0 0 0 0 0 0 0 0 0 0 0 0 0 -119048 0 0 -476190 0 0 -119048 0 0 0 0 0 0 0 0 0 0 0 0 0 0 0 0 0 -119048 0 0 -476190 0 0 -119048 0 0 0 0 0 0 0 0 0 0 0 0 0 0 0 0 0 0 0 0 -238095 0 0 0 0 0 0 0 0 0 0 0 0 0 
0 0 0 0 0 0 0 0 -238095 0 0 2.17886e+06 0 0 -238095 0 0 0 0 0 0 0 0 0 0 0 0 0 0 0 0 0 -119048 0 0 -476190 0 0 -119048 0 0 0 0 0 0 0 0 0 0 0 0 0 0 0 0 0 -119048 0 0 -476190 0 0 -119048 0 0 0 0 0 0 0 0 0 0 0 0 0 0 0 0 0 0 0 0 -238095 0 0 0 0 0 0 0 0 0 0 0 0 
0 0 0 0 0 0 0 0 0 -238095 0 0 1.46457e+06 0 0 -238095 0 0 0 0 0 0 0 0 0 0 0 0 0 0 0 0 0 0 0 0 -476190 0 0 0 0 0 0 0 0 0 0 0 0 0 0 0 0 0 0 0 0 0 0 0 -476190 0 0 0 0 0 0 0 0 0 0 0 0 0 0 0 0 0 0 0 0 0 0 0 0 0 0 0 0 0 0 0 0 0 0 0 
0 0 0 0 0 0 0 0 0 0 -238095 0 0 1.46457e+06 0 0 -238095 0 0 0 0 0 0 0 0 0 0 0 0 0 0 0 0 0 0 0 0 -476190 0 0 0 0 0 0 0 0 0 0 0 0 0 0 0 0 0 0 0 0 0 0 0 -476190 0 0 0 0 0 0 0 0 0 0 0 0 0 0 0 0 0 0 0 0 0 0 0 0 0 0 0 0 0 0 0 0 0 0 
0 0 0 0 0 0 0 0 0 0 0 -238095 0 0 1.46457e+06 0 0 -238095 0 0 0 0 0 0 0 0 0 0 0 0 0 0 0 0 0 0 0 0 -476190 0 0 0 0 0 0 0 0 0 0 0 0 0 0 0 0 0 0 0 0 0 0 0 -476190 0 0 0 0 0 0 0 0 0 0 0 0 0 0 0 0 0 0 0 0 0 0 0 0 0 0 0 0 0 0 0 0 0 
0 0 0 0 0 0 0 0 0 0 0 0 -238095 0 0 2.17886e+06 0 0 -238095 0 0 0 0 0 0 0 0 0 0 0 0 0 0 0 0 0 -119048 0 0 -476190 0 0 -119048 0 0 0 0 0 0 0 0 0 0 0 0 0 0 0 0 0 -119048 0 0 -476190 0 0 -119048 0 0 0 0 0 0 0 0 0 0 0 0 0 0 0 0 0 0 0 0 -238095 0 0 0 0 0 0 0 0 
0 0 0 0 0 0 0 0 0 0 0 0 0 -238095 0 0 2.17886e+06 0 0 -238095 0 0 0 0 0 0 0 0 0 0 0 0 0 0 0 0 0 -119048 0 0 -476190 0 0 -119048 0 0 0 0 0 0 0 0 0 0 0 0 0 0 0 0 0 -119048 0 0 -476190 0 0 -119048 0 0 0 0 0 0 0 0 0 0 0 0 0 0 0 0 0 0 0 0 -238095 0 0 0 0 0 0 0 
0 0 0 0 0 0 0 0 0 0 0 0 0 0 -238095 0 0 2.17886e+06 0 0 -238095 0 0 0 0 0 0 0 0 0 0 0 0 0 0 0 0 0 -119048 0 0 -476190 0 0 -119048 0 0 0 0 0 0 0 0 0 0 0 0 0 0 0 0 0 -119048 0 0 -476190 0 0 -119048 0 0 0 0 0 0 0 0 0 0 0 0 0 0 0 0 0 0 0 0 -238095 0 0 0 0 0 0 
0 0 0 0 0 0 0 0 0 0 0 0 0 0 0 -238095 0 0 1.46457e+06 0 0 -238095 0 0 0 0 0 0 0 0 0 0 0 0 0 0 0 0 0 0 0 0 -476190 0 0 0 0 0 0 0 0 0 0 0 0 0 0 0 0 0 0 0 0 0 0 0 -476190 0 0 0 0 0 0 0 0 0 0 0 0 0 0 0 0 0 0 0 0 0 0 0 0 0 0 0 0 0 
0 0 0 0 0 0 0 0 0 0 0 0 0 0 0 0 -238095 0 0 1.46457e+06 0 0 -238095 0 0 0 0 0 0 0 0 0 0 0 0 0 0 0 0 0 0 0 0 -476190 0 0 0 0 0 0 0 0 0 0 0 0 0 0 0 0 0 0 0 0 0 0 0 -476190 0 0 0 0 0 0 0 0 0 0 0 0 0 0 0 0 0 0 0 0 0 0 0 0 0 0 0 0 
0 0 0 0 0 0 0 0 0 0 0 0 0 0 0 0 0 -238095 0 0 1.46457e+06 0 0 -238095 0 0 0 0 0 0 0 0 0 0 0 0 0 0 0 0 0 0 0 0 -476190 0 0 0 0 0 0 0 0 0 0 0 0 0 0 0 0 0 0 0 0 0 0 0 -476190 0 0 0 0 0 0 0 0 0 0 0 0 0 0 0 0 0 0 0 0 0 0 0 0 0 0 0 
0 0 0 0 0 0 0 0 0 0 0 0 0 0 0 0 0 0 -238095 0 0 3.59999e+13 0 0 0 0 0 0 0 0 0 0 0 0 0 0 0 0 0 0 0 0 -119048 0 0 -238095 0 0 0 0 0 0 0 0 0 0 0 0 0 0 0 0 0 0 0 0 -119048 0 0 -238095 0 0 0 0 0 0 0 0 0 0 0 0 0 0 0 0 0 0 0 0 0 0 0 -119048 0 0 
0 0 0 0 0 0 0 0 0 0 0 0 0 0 0 0 0 0 0 -238095 0 0 3.59999e+13 0 0 0 0 0 0 0 0 0 0 0 0 0 0 0 0 0 0 0 0 -119048 0 0 -238095 0 0 0 0 0 0 0 0 0 0 0 0 0 0 0 0 0 0 0 0 -119048 0 0 -238095 0 0 0 0 0 0 0 0 0 0 0 0 0 0 0 0 0 0 0 0 0 0 0 -119048 0 
0 0 0 0 0 0 0 0 0 0 0 0 0 0 0 0 0 0 0 0 -238095 0 0 3.59999e+13 0 0 0 0 0 0 0 0 0 0 0 0 0 0 0 0 0 0 0 0 -119048 0 0 -238095 0 0 0 0 0 0 0 0 0 0 0 0 0 0 0 0 0 0 0 0 -119048 0 0 -238095 0 0 0 0 0 0 0 0 0 0 0 0 0 0 0 0 0 0 0 0 0 0 0 -119048 
-238095 0 0 -119048 0 0 0 0 0 0 0 0 0 0 0 0 0 0 0 0 0 0 0 0 1.10743e+06 0 0 -238095 0 0 0 0 0 0 0 0 0 0 0 0 0 0 0 0 0 0 0 0 -119048 0 0 0 0 0 0 0 0 0 0 0 0 0 0 0 0 0 0 0 0 0 0 0 -238095 0 0 -119048 0 0 0 0 0 0 0 0 0 0 0 0 0 0 0 0 0 0 0 0 
0 -238095 0 0 -119048 0 0 0 0 0 0 0 0 0 0 0 0 0 0 0 0 0 0 0 0 1.10743e+06 0 0 -238095 0 0 0 0 0 0 0 0 0 0 0 0 0 0 0 0 0 0 0 0 -119048 0 0 0 0 0 0 0 0 0 0 0 0 0 0 0 0 0 0 0 0 0 0 0 -238095 0 0 -119048 0 0 0 0 0 0 0 0 0 0 0 0 0 0 0 0 0 0 0 
0 0 -238095 0 0 -119048 0 0 0 0 0 0 0 0 0 0 0 0 0 0 0 0 0 0 0 0 1.10743e+06 0 0 -238095 0 0 0 0 0 0 0 0 0 0 0 0 0 0 0 0 0 0 0 0 -119048 0 0 0 0 0 0 0 0 0 0 0 0 0 0 0 0 0 0 0 0 0 0 0 -238095 0 0 -119048 0 0 0 0 0 0 0 0 0 0 0 0 0 0 0 0 0 0 
0 0 0 -476190 0 0 0 0 0 0 0 0 0 0 0 0 0 0 0 0 0 0 0 0 -238095 0 0 1.46457e+06 0 0 -238095 0 0 0 0 0 0 0 0 0 0 0 0 0 0 0 0 0 0 0 0 0 0 0 0 0 0 0 0 0 0 0 0 0 0 0 0 0 0 0 0 0 0 0 0 -476190 0 0 0 0 0 0 0 0 0 0 0 0 0 0 0 0 0 0 0 0 
0 0 0 0 -476190 0 0 0 0 0 0 0 0 0 0 0 0 0 0 0 0 0 0 0 0 -238095 0 0 1.46457e+06 0 0 -238095 0 0 0 0 0 0 0 0 0 0 0 0 0 0 0 0 0 0 0 0 0 0 0 0 0 0 0 0 0 0 0 0 0 0 0 0 0 0 0 0 0 0 0 0 -476190 0 0 0 0 0 0 0 0 0 0 0 0 0 0 0 0 0 0 0 
0 0 0 0 0 -476190 0 0 0 0 0 0 0 0 0 0 0 0 0 0 0 0 0 0 0 0 -238095 0 0 1.46457e+06 0 0 -238095 0 0 0 0 0 0 0 0 0 0 0 0 0 0 0 0 0 0 0 0 0 0 0 0 0 0 0 0 0 0 0 0 0 0 0 0 0 0 0 0 0 0 0 0 -476190 0 0 0 0 0 0 0 0 0 0 0 0 0 0 0 0 0 0 
0 0 0 -119048 0 0 -476190 0 0 -119048 0 0 0 0 0 0 0 0 0 0 0 0 0 0 0 0 0 -238095 0 0 2.17886e+06 0 0 -238095 0 0 0 0 0 0 0 0 0 0 0 0 0 0 0 0 0 0 0 0 -238095 0 0 0 0 0 0 0 0 0 0 0 0 0 0 0 0 0 0 0 0 -119048 0 0 -476190 0 0 -119048 0 0 0 0 0 0 0 0 0 0 0 0 0 0 
0 0 0 0 -119048 0 0 -476190 0 0 -119048 0 0 0 0 0 0 0 0 0 0 0 0 0 0 0 0 0 -238095 0 0 2.17886e+06 0 0 -238095 0 0 0 0 0 0 0 0 0 0 0 0 0 0 0 0 0 0 0 0 -238095 0 0 0 0 0 0 0 0 0 0 0 0 0 0 0 0 0 0 0 0 -119048 0 0 -476190 0 0 -119048 0 0 0 0 0 0 0 0 0 0 0 0 0 
0 0 0 0 0 -119048 0 0 -476190 0 0 -119048 0 0 0 0 0 0 0 0 0 0 0 0 0 0 0 0 0 -238095 0 0 2.17886e+06 0 0 -238095 0 0 0 0 0 0 0 0 0 0 0 0 0 0 0 0 0 0 0 0 -238095 0 0 0 0 0 0 0 0 0 0 0 0 0 0 0 0 0 0 0 0 -119048 0 0 -476190 0 0 -119048 0 0 0 0 0 0 0 0 0 0 0 0 
0 0 0 0 0 0 0 0 0 -476190 0 0 0 0 0 0 0 0 0 0 0 0 0 0 0 0 0 0 0 0 -238095 0 0 1.46457e+06 0 0 -238095 0 0 0 0 0 0 0 0 0 0 0 0 0 0 0 0 0 0 0 0 0 0 0 0 0 0 0 0 0 0 0 0 0 0 0 0 0 0 0 0 0 0 0 0 -476190 0 0 0 0 0 0 0 0 0 0 0 0 0 0 
0 0 0 0 0 0 0 0 0 0 -476190 0 0 0 0 0 0 0 0 0 0 0 0 0 0 0 0 0 0 0 0 -238095 0 0 1.46457e+06 0 0 -238095 0 0 0 0 0 0 0 0 0 0 0 0 0 0 0 0 0 0 0 0 0 0 0 0 0 0 0 0 0 0 0 0 0 0 0 0 0 0 0 0 0 0 0 0 -476190 0 0 0 0 0 0 0 0 0 0 0 0 0 
0 0 0 0 0 0 0 0 0 0 0 -476190 0 0 0 0 0 0 0 0 0 0 0 0 0 0 0 0 0 0 0 0 -238095 0 0 1.46457e+06 0 0 -238095 0 0 0 0 0 0 0 0 0 0 0 0 0 0 0 0 0 0 0 0 0 0 0 0 0 0 0 0 0 0 0 0 0 0 0 0 0 0 0 0 0 0 0 0 -476190 0 0 0 0 0 0 0 0 0 0 0 0 
0 0 0 0 0 0 0 0 0 -119048 0 0 -476190 0 0 -119048 0 0 0 0 0 0 0 0 0 0 0 0 0 0 0 0 0 -238095 0 0 2.17886e+06 0 0 -238095 0 0 0 0 0 0 0 0 0 0 0 0 0 0 0 0 0 0 0 0 -238095 0 0 0 0 0 0 0 0 0 0 0 0 0 0 0 0 0 0 0 0 -119048 0 0 -476190 0 0 -119048 0 0 0 0 0 0 0 0 
0 0 0 0 0 0 0 0 0 0 -119048 0 0 -476190 0 0 -119048 0 0 0 0 0 0 0 0 0 0 0 0 0 0 0 0 0 -238095 0 0 2.17886e+06 0 0 -238095 0 0 0 0 0 0 0 0 0 0 0 0 0 0 0 0 0 0 0 0 -238095 0 0 0 0 0 0 0 0 0 0 0 0 0 0 0 0 0 0 0 0 -119048 0 0 -476190 0 0 -119048 0 0 0 0 0 0 0 
0 0 0 0 0 0 0 0 0 0 0 -119048 0 0 -476190 0 0 -119048 0 0 0 0 0 0 0 0 0 0 0 0 0 0 0 0 0 -238095 0 0 2.17886e+06 0 0 -238095 0 0 0 0 0 0 0 0 0 0 0 0 0 0 0 0 0 0 0 0 -238095 0 0 0 0 0 0 0 0 0 0 0 0 0 0 0 0 0 0 0 0 -119048 0 0 -476190 0 0 -119048 0 0 0 0 0 0 
0 0 0 0 0 0 0 0 0 0 0 0 0 0 0 -476190 0 0 0 0 0 0 0 0 0 0 0 0 0 0 0 0 0 0 0 0 -238095 0 0 1.46457e+06 0 0 -238095 0 0 0 0 0 0 0 0 0 0 0 0 0 0 0 0 0 0 0 0 0 0 0 0 0 0 0 0 0 0 0 0 0 0 0 0 0 0 0 0 0 0 0 0 -476190 0 0 0 0 0 0 0 0 
0 0 0 0 0 0 0 0 0 0 0 0 0 0 0 0 -476190 0 0 0 0 0 0 0 0 0 0 0 0 0 0 0 0 0 0 0 0 -238095 0 0 1.46457e+06 0 0 -238095 0 0 0 0 0 0 0 0 0 0 0 0 0 0 0 0 0 0 0 0 0 0 0 0 0 0 0 0 0 0 0 0 0 0 0 0 0 0 0 0 0 0 0 0 -476190 0 0 0 0 0 0 0 
0 0 0 0 0 0 0 0 0 0 0 0 0 0 0 0 0 -476190 0 0 0 0 0 0 0 0 0 0 0 0 0 0 0 0 0 0 0 0 -238095 0 0 1.46457e+06 0 0 -238095 0 0 0 0 0 0 0 0 0 0 0 0 0 0 0 0 0 0 0 0 0 0 0 0 0 0 0 0 0 0 0 0 0 0 0 0 0 0 0 0 0 0 0 0 -476190 0 0 0 0 0 0 
0 0 0 0 0 0 0 0 0 0 0 0 0 0 0 -119048 0 0 -476190 0 0 -119048 0 0 0 0 0 0 0 0 0 0 0 0 0 0 0 0 0 -238095 0 0 2.17886e+06 0 0 -238095 0 0 0 0 0 0 0 0 0 0 0 0 0 0 0 0 0 0 0 0 -238095 0 0 0 0 0 0 0 0 0 0 0 0 0 0 0 0 0 0 0 0 -119048 0 0 -476190 0 0 -119048 0 0 
0 0 0 0 0 0 0 0 0 0 0 0 0 0 0 0 -119048 0 0 -476190 0 0 -119048 0 0 0 0 0 0 0 0 0 0 0 0 0 0 0 0 0 -238095 0 0 2.17886e+06 0 0 -238095 0 0 0 0 0 0 0 0 0 0 0 0 0 0 0 0 0 0 0 0 -238095 0 0 0 0 0 0 0 0 0 0 0 0 0 0 0 0 0 0 0 0 -119048 0 0 -476190 0 0 -119048 0 
0 0 0 0 0 0 0 0 0 0 0 0 0 0 0 0 0 -119048 0 0 -476190 0 0 -119048 0 0 0 0 0 0 0 0 0 0 0 0 0 0 0 0 0 -238095 0 0 2.17886e+06 0 0 -238095 0 0 0 0 0 0 0 0 0 0 0 0 0 0 0 0 0 0 0 0 -238095 0 0 0 0 0 0 0 0 0 0 0 0 0 0 0 0 0 0 0 0 -119048 0 0 -476190 0 0 -119048 
0 0 0 0 0 0 0 0 0 0 0 0 0 0 0 0 0 0 0 0 0 -238095 0 0 0 0 0 0 0 0 0 0 0 0 0 0 0 0 0 0 0 0 -238095 0 0 3.59999e+13 0 0 0 0 0 0 0 0 0 0 0 0 0 0 0 0 0 0 0 0 0 0 0 0 0 0 0 0 0 0 0 0 0 0 0 0 0 0 0 0 0 0 0 0 0 0 0 -238095 0 0 
0 0 0 0 0 0 0 0 0 0 0 0 0 0 0 0 0 0 0 0 0 0 -238095 0 0 0 0 0 0 0 0 0 0 0 0 0 0 0 0 0 0 0 0 -238095 0 0 3.59999e+13 0 0 0 0 0 0 0 0 0 0 0 0 0 0 0 0 0 0 0 0 0 0 0 0 0 0 0 0 0 0 0 0 0 0 0 0 0 0 0 0 0 0 0 0 0 0 0 -238095 0 
0 0 0 0 0 0 0 0 0 0 0 0 0 0 0 0 0 0 0 0 0 0 0 -238095 0 0 0 0 0 0 0 0 0 0 0 0 0 0 0 0 0 0 0 0 -238095 0 0 3.59999e+13 0 0 0 0 0 0 0 0 0 0 0 0 0 0 0 0 0 0 0 0 0 0 0 0 0 0 0 0 0 0 0 0 0 0 0 0 0 0 0 0 0 0 0 0 0 0 0 -238095 
-238095 0 0 -119048 0 0 0 0 0 0 0 0 0 0 0 0 0 0 0 0 0 0 0 0 -119048 0 0 0 0 0 0 0 0 0 0 0 0 0 0 0 0 0 0 0 0 0 0 0 1.10743e+06 0 0 -238095 0 0 0 0 0 0 0 0 0 0 0 0 0 0 0 0 0 0 0 0 -238095 0 0 -119048 0 0 0 0 0 0 0 0 0 0 0 0 0 0 0 0 0 0 0 0 
0 -238095 0 0 -119048 0 0 0 0 0 0 0 0 0 0 0 0 0 0 0 0 0 0 0 0 -119048 0 0 0 0 0 0 0 0 0 0 0 0 0 0 0 0 0 0 0 0 0 0 0 1.10743e+06 0 0 -238095 0 0 0 0 0 0 0 0 0 0 0 0 0 0 0 0 0 0 0 0 -238095 0 0 -119048 0 0 0 0 0 0 0 0 0 0 0 0 0 0 0 0 0 0 0 
0 0 -238095 0 0 -119048 0 0 0 0 0 0 0 0 0 0 0 0 0 0 0 0 0 0 0 0 -119048 0 0 0 0 0 0 0 0 0 0 0 0 0 0 0 0 0 0 0 0 0 0 0 1.10743e+06 0 0 -238095 0 0 0 0 0 0 0 0 0 0 0 0 0 0 0 0 0 0 0 0 -238095 0 0 -119048 0 0 0 0 0 0 0 0 0 0 0 0 0 0 0 0 0 0 
0 0 0 -476190 0 0 0 0 0 0 0 0 0 0 0 0 0 0 0 0 0 0 0 0 0 0 0 0 0 0 0 0 0 0 0 0 0 0 0 0 0 0 0 0 0 0 0 0 -238095 0 0 1.46457e+06 0 0 -238095 0 0 0 0 0 0 0 0 0 0 0 0 0 0 0 0 0 0 0 0 -476190 0 0 0 0 0 0 0 0 0 0 0 0 0 0 0 0 0 0 0 0 
0 0 0 0 -476190 0 0 0 0 0 0 0 0 0 0 0 0 0 0 0 0 0 0 0 0 0 0 0 0 0 0 0 0 0 0 0 0 0 0 0 0 0 0 0 0 0 0 0 0 -238095 0 0 1.46457e+06 0 0 -238095 0 0 0 0 0 0 0 0 0 0 0 0 0 0 0 0 0 0 0 0 -476190 0 0 0 0 0 0 0 0 0 0 0 0 0 0 0 0 0 0 0 
0 0 0 0 0 -476190 0 0 0 0 0 0 0 0 0 0 0 0 0 0 0 0 0 0 0 0 0 0 0 0 0 0 0 0 0 0 0 0 0 0 0 0 0 0 0 0 0 0 0 0 -238095 0 0 1.46457e+06 0 0 -238095 0 0 0 0 0 0 0 0 0 0 0 0 0 0 0 0 0 0 0 0 -476190 0 0 0 0 0 0 0 0 0 0 0 0 0 0 0 0 0 0 
0 0 0 -119048 0 0 -476190 0 0 -119048 0 0 0 0 0 0 0 0 0 0 0 0 0 0 0 0 0 0 0 0 -238095 0 0 0 0 0 0 0 0 0 0 0 0 0 0 0 0 0 0 0 0 -238095 0 0 2.17886e+06 0 0 -238095 0 0 0 0 0 0 0 0 0 0 0 0 0 0 0 0 0 -119048 0 0 -476190 0 0 -119048 0 0 0 0 0 0 0 0 0 0 0 0 0 0 
0 0 0 0 -119048 0 0 -476190 0 0 -119048 0 0 0 0 0 0 0 0 0 0 0 0 0 0 0 0 0 0 0 0 -238095 0 0 0 0 0 0 0 0 0 0 0 0 0 0 0 0 0 0 0 0 -238095 0 0 2.17886e+06 0 0 -238095 0 0 0 0 0 0 0 0 0 0 0 0 0 0 0 0 0 -119048 0 0 -476190 0 0 -119048 0 0 0 0 0 0 0 0 0 0 0 0 0 
0 0 0 0 0 -119048 0 0 -476190 0 0 -119048 0 0 0 0 0 0 0 0 0 0 0 0 0 0 0 0 0 0 0 0 -238095 0 0 0 0 0 0 0 0 0 0 0 0 0 0 0 0 0 0 0 0 -238095 0 0 2.17886e+06 0 0 -238095 0 0 0 0 0 0 0 0 0 0 0 0 0 0 0 0 0 -119048 0 0 -476190 0 0 -119048 0 0 0 0 0 0 0 0 0 0 0 0 
0 0 0 0 0 0 0 0 0 -476190 0 0 0 0 0 0 0 0 0 0 0 0 0 0 0 0 0 0 0 0 0 0 0 0 0 0 0 0 0 0 0 0 0 0 0 0 0 0 0 0 0 0 0 0 -238095 0 0 1.46457e+06 0 0 -238095 0 0 0 0 0 0 0 0 0 0 0 0 0 0 0 0 0 0 0 0 -476190 0 0 0 0 0 0 0 0 0 0 0 0 0 0 
0 0 0 0 0 0 0 0 0 0 -476190 0 0 0 0 0 0 0 0 0 0 0 0 0 0 0 0 0 0 0 0 0 0 0 0 0 0 0 0 0 0 0 0 0 0 0 0 0 0 0 0 0 0 0 0 -238095 0 0 1.46457e+06 0 0 -238095 0 0 0 0 0 0 0 0 0 0 0 0 0 0 0 0 0 0 0 0 -476190 0 0 0 0 0 0 0 0 0 0 0 0 0 
0 0 0 0 0 0 0 0 0 0 0 -476190 0 0 0 0 0 0 0 0 0 0 0 0 0 0 0 0 0 0 0 0 0 0 0 0 0 0 0 0 0 0 0 0 0 0 0 0 0 0 0 0 0 0 0 0 -238095 0 0 1.46457e+06 0 0 -238095 0 0 0 0 0 0 0 0 0 0 0 0 0 0 0 0 0 0 0 0 -476190 0 0 0 0 0 0 0 0 0 0 0 0 
0 0 0 0 0 0 0 0 0 -119048 0 0 -476190 0 0 -119048 0 0 0 0 0 0 0 0 0 0 0 0 0 0 0 0 0 0 0 0 -238095 0 0 0 0 0 0 0 0 0 0 0 0 0 0 0 0 0 0 0 0 -238095 0 0 2.17886e+06 0 0 -238095 0 0 0 0 0 0 0 0 0 0 0 0 0 0 0 0 0 -119048 0 0 -476190 0 0 -119048 0 0 0 0 0 0 0 0 
0 0 0 0 0 0 0 0 0 0 -119048 0 0 -476190 0 0 -119048 0 0 0 0 0 0 0 0 0 0 0 0 0 0 0 0 0 0 0 0 -238095 0 0 0 0 0 0 0 0 0 0 0 0 0 0 0 0 0 0 0 0 -238095 0 0 2.17886e+06 0 0 -238095 0 0 0 0 0 0 0 0 0 0 0 0 0 0 0 0 0 -119048 0 0 -476190 0 0 -119048 0 0 0 0 0 0 0 
0 0 0 0 0 0 0 0 0 0 0 -119048 0 0 -476190 0 0 -119048 0 0 0 0 0 0 0 0 0 0 0 0 0 0 0 0 0 0 0 0 -238095 0 0 0 0 0 0 0 0 0 0 0 0 0 0 0 0 0 0 0 0 -238095 0 0 2.17886e+06 0 0 -238095 0 0 0 0 0 0 0 0 0 0 0 0 0 0 0 0 0 -119048 0 0 -476190 0 0 -119048 0 0 0 0 0 0 
0 0 0 0 0 0 0 0 0 0 0 0 0 0 0 -476190 0 0 0 0 0 0 0 0 0 0 0 0 0 0 0 0 0 0 0 0 0 0 0 0 0 0 0 0 0 0 0 0 0 0 0 0 0 0 0 0 0 0 0 0 -238095 0 0 1.46457e+06 0 0 -238095 0 0 0 0 0 0 0 0 0 0 0 0 0 0 0 0 0 0 0 0 -476190 0 0 0 0 0 0 0 0 
0 0 0 0 0 0 0 0 0 0 0 0 0 0 0 0 -476190 0 0 0 0 0 0 0 0 0 0 0 0 0 0 0 0 0 0 0 0 0 0 0 0 0 0 0 0 0 0 0 0 0 0 0 0 0 0 0 0 0 0 0 0 -238095 0 0 1.46457e+06 0 0 -238095 0 0 0 0 0 0 0 0 0 0 0 0 0 0 0 0 0 0 0 0 -476190 0 0 0 0 0 0 0 
0 0 0 0 0 0 0 0 0 0 0 0 0 0 0 0 0 -476190 0 0 0 0 0 0 0 0 0 0 0 0 0 0 0 0 0 0 0 0 0 0 0 0 0 0 0 0 0 0 0 0 0 0 0 0 0 0 0 0 0 0 0 0 -238095 0 0 1.46457e+06 0 0 -238095 0 0 0 0 0 0 0 0 0 0 0 0 0 0 0 0 0 0 0 0 -476190 0 0 0 0 0 0 
0 0 0 0 0 0 0 0 0 0 0 0 0 0 0 -119048 0 0 -476190 0 0 -119048 0 0 0 0 0 0 0 0 0 0 0 0 0 0 0 0 0 0 0 0 -238095 0 0 0 0 0 0 0 0 0 0 0 0 0 0 0 0 0 0 0 0 -238095 0 0 2.17886e+06 0 0 -238095 0 0 0 0 0 0 0 0 0 0 0 0 0 0 0 0 0 -119048 0 0 -476190 0 0 -119048 0 0 
0 0 0 0 0 0 0 0 0 0 0 0 0 0 0 0 -119048 0 0 -476190 0 0 -119048 0 0 0 0 0 0 0 0 0 0 0 0 0 0 0 0 0 0 0 0 -238095 0 0 0 0 0 0 0 0 0 0 0 0 0 0 0 0 0 0 0 0 -238095 0 0 2.17886e+06 0 0 -238095 0 0 0 0 0 0 0 0 0 0 0 0 0 0 0 0 0 -119048 0 0 -476190 0 0 -119048 0 
0 0 0 0 0 0 0 0 0 0 0 0 0 0 0 0 0 -119048 0 0 -476190 0 0 -119048 0 0 0 0 0 0 0 0 0 0 0 0 0 0 0 0 0 0 0 0 -238095 0 0 0 0 0 0 0 0 0 0 0 0 0 0 0 0 0 0 0 0 -238095 0 0 2.17886e+06 0 0 -238095 0 0 0 0 0 0 0 0 0 0 0 0 0 0 0 0 0 -119048 0 0 -476190 0 0 -119048 
0 0 0 0 0 0 0 0 0 0 0 0 0 0 0 0 0 0 0 0 0 -238095 0 0 0 0 0 0 0 0 0 0 0 0 0 0 0 0 0 0 0 0 0 0 0 0 0 0 0 0 0 0 0 0 0 0 0 0 0 0 0 0 0 0 0 0 -238095 0 0 3.59999e+13 0 0 0 0 0 0 0 0 0 0 0 0 0 0 0 0 0 0 0 0 0 0 0 -238095 0 0 
0 0 0 0 0 0 0 0 0 0 0 0 0 0 0 0 0 0 0 0 0 0 -238095 0 0 0 0 0 0 0 0 0 0 0 0 0 0 0 0 0 0 0 0 0 0 0 0 0 0 0 0 0 0 0 0 0 0 0 0 0 0 0 0 0 0 0 0 -238095 0 0 3.59999e+13 0 0 0 0 0 0 0 0 0 0 0 0 0 0 0 0 0 0 0 0 0 0 0 -238095 0 
0 0 0 0 0 0 0 0 0 0 0 0 0 0 0 0 0 0 0 0 0 0 0 -238095 0 0 0 0 0 0 0 0 0 0 0 0 0 0 0 0 0 0 0 0 0 0 0 0 0 0 0 0 0 0 0 0 0 0 0 0 0 0 0 0 0 0 0 0 -238095 0 0 3.59999e+13 0 0 0 0 0 0 0 0 0 0 0 0 0 0 0 0 0 0 0 0 0 0 0 -238095 
0 0 0 0 0 0 0 0 0 0 0 0 0 0 0 0 0 0 0 0 0 0 0 0 -238095 0 0 0 0 0 0 0 0 0 0 0 0 0 0 0 0 0 0 0 0 0 0 0 -238095 0 0 0 0 0 0 0 0 0 0 0 0 0 0 0 0 0 0 0 0 0 0 0 750286 0 0 -238095 0 0 0 0 0 0 0 0 0 0 0 0 0 0 0 0 0 0 0 0 
0 0 0 0 0 0 0 0 0 0 0 0 0 0 0 0 0 0 0 0 0 0 0 0 0 -238095 0 0 0 0 0 0 0 0 0 0 0 0 0 0 0 0 0 0 0 0 0 0 0 -238095 0 0 0 0 0 0 0 0 0 0 0 0 0 0 0 0 0 0 0 0 0 0 0 750286 0 0 -238095 0 0 0 0 0 0 0 0 0 0 0 0 0 0 0 0 0 0 0 
0 0 0 0 0 0 0 0 0 0 0 0 0 0 0 0 0 0 0 0 0 0 0 0 0 0 -238095 0 0 0 0 0 0 0 0 0 0 0 0 0 0 0 0 0 0 0 0 0 0 0 -238095 0 0 0 0 0 0 0 0 0 0 0 0 0 0 0 0 0 0 0 0 0 0 0 750286 0 0 -238095 0 0 0 0 0 0 0 0 0 0 0 0 0 0 0 0 0 0 
0 0 0 -238095 0 0 0 0 0 0 0 0 0 0 0 0 0 0 0 0 0 0 0 0 -119048 0 0 -476190 0 0 -119048 0 0 0 0 0 0 0 0 0 0 0 0 0 0 0 0 0 -119048 0 0 -476190 0 0 -119048 0 0 0 0 0 0 0 0 0 0 0 0 0 0 0 0 0 -238095 0 0 2.17886e+06 0 0 -238095 0 0 0 0 0 0 0 0 0 0 0 0 0 0 0 0 0 
0 0 0 0 -238095 0 0 0 0 0 0 0 0 0 0 0 0 0 0 0 0 0 0 0 0 -119048 0 0 -476190 0 0 -119048 0 0 0 0 0 0 0 0 0 0 0 0 0 0 0 0 0 -119048 0 0 -476190 0 0 -119048 0 0 0 0 0 0 0 0 0 0 0 0 0 0 0 0 0 -238095 0 0 2.17886e+06 0 0 -238095 0 0 0 0 0 0 0 0 0 0 0 0 0 0 0 0 
0 0 0 0 0 -238095 0 0 0 0 0 0 0 0 0 0 0 0 0 0 0 0 0 0 0 0 -119048 0 0 -476190 0 0 -119048 0 0 0 0 0 0 0 0 0 0 0 0 0 0 0 0 0 -119048 0 0 -476190 0 0 -119048 0 0 0 0 0 0 0 0 0 0 0 0 0 0 0 0 0 -238095 0 0 2.17886e+06 0 0 -238095 0 0 0 0 0 0 0 0 0 0 0 0 0 0 0 
0 0 0 0 0 0 0 0 0 0 0 0 0 0 0 0 0 0 0 0 0 0 0 0 0 0 0 0 0 0 -476190 0 0 0 0 0 0 0 0 0 0 0 0 0 0 0 0 0 0 0 0 0 0 0 -476190 0 0 0 0 0 0 0 0 0 0 0 0 0 0 0 0 0 0 0 0 -238095 0 0 1.46457e+06 0 0 -238095 0 0 0 0 0 0 0 0 0 0 0 0 0 0 
0 0 0 0 0 0 0 0 0 0 0 0 0 0 0 0 0 0 0 0 0 0 0 0 0 0 0 0 0 0 0 -476190 0 0 0 0 0 0 0 0 0 0 0 0 0 0 0 0 0 0 0 0 0 0 0 -476190 0 0 0 0 0 0 0 0 0 0 0 0 0 0 0 0 0 0 0 0 -238095 0 0 1.46457e+06 0 0 -238095 0 0 0 0 0 0 0 0 0 0 0 0 0 
0 0 0 0 0 0 0 0 0 0 0 0 0 0 0 0 0 0 0 0 0 0 0 0 0 0 0 0 0 0 0 0 -476190 0 0 0 0 0 0 0 0 0 0 0 0 0 0 0 0 0 0 0 0 0 0 0 -476190 0 0 0 0 0 0 0 0 0 0 0 0 0 0 0 0 0 0 0 0 -238095 0 0 1.46457e+06 0 0 -238095 0 0 0 0 0 0 0 0 0 0 0 0 
0 0 0 0 0 0 0 0 0 -238095 0 0 0 0 0 0 0 0 0 0 0 0 0 0 0 0 0 0 0 0 -119048 0 0 -476190 0 0 -119048 0 0 0 0 0 0 0 0 0 0 0 0 0 0 0 0 0 -119048 0 0 -476190 0 0 -119048 0 0 0 0 0 0 0 0 0 0 0 0 0 0 0 0 0 -238095 0 0 2.17886e+06 0 0 -238095 0 0 0 0 0 0 0 0 0 0 0 
0 0 0 0 0 0 0 0 0 0 -238095 0 0 0 0 0 0 0 0 0 0 0 0 0 0 0 0 0 0 0 0 -119048 0 0 -476190 0 0 -119048 0 0 0 0 0 0 0 0 0 0 0 0 0 0 0 0 0 -119048 0 0 -476190 0 0 -119048 0 0 0 0 0 0 0 0 0 0 0 0 0 0 0 0 0 -238095 0 0 2.17886e+06 0 0 -238095 0 0 0 0 0 0 0 0 0 0 
0 0 0 0 0 0 0 0 0 0 0 -238095 0 0 0 0 0 0 0 0 0 0 0 0 0 0 0 0 0 0 0 0 -119048 0 0 -476190 0 0 -119048 0 0 0 0 0 0 0 0 0 0 0 0 0 0 0 0 0 -119048 0 0 -476190 0 0 -119048 0 0 0 0 0 0 0 0 0 0 0 0 0 0 0 0 0 -238095 0 0 2.17886e+06 0 0 -238095 0 0 0 0 0 0 0 0 0 
0 0 0 0 0 0 0 0 0 0 0 0 0 0 0 0 0 0 0 0 0 0 0 0 0 0 0 0 0 0 0 0 0 0 0 0 -476190 0 0 0 0 0 0 0 0 0 0 0 0 0 0 0 0 0 0 0 0 0 0 0 -476190 0 0 0 0 0 0 0 0 0 0 0 0 0 0 0 0 0 0 0 0 -238095 0 0 1.46457e+06 0 0 -238095 0 0 0 0 0 0 0 0 
0 0 0 0 0 0 0 0 0 0 0 0 0 0 0 0 0 0 0 0 0 0 0 0 0 0 0 0 0 0 0 0 0 0 0 0 0 -476190 0 0 0 0 0 0 0 0 0 0 0 0 0 0 0 0 0 0 0 0 0 0 0 -476190 0 0 0 0 0 0 0 0 0 0 0 0 0 0 0 0 0 0 0 0 -238095 0 0 1.46457e+06 0 0 -238095 0 0 0 0 0 0 0 
0 0 0 0 0 0 0 0 0 0 0 0 0 0 0 0 0 0 0 0 0 0 0 0 0 0 0 0 0 0 0 0 0 0 0 0 0 0 -476190 0 0 0 0 0 0 0 0 0 0 0 0 0 0 0 0 0 0 0 0 0 0 0 -476190 0 0 0 0 0 0 0 0 0 0 0 0 0 0 0 0 0 0 0 0 -238095 0 0 1.46457e+06 0 0 -238095 0 0 0 0 0 0 
0 0 0 0 0 0 0 0 0 0 0 0 0 0 0 -238095 0 0 0 0 0 0 0 0 0 0 0 0 0 0 0 0 0 0 0 0 -119048 0 0 -476190 0 0 -119048 0 0 0 0 0 0 0 0 0 0 0 0 0 0 0 0 0 -119048 0 0 -476190 0 0 -119048 0 0 0 0 0 0 0 0 0 0 0 0 0 0 0 0 0 -238095 0 0 2.17886e+06 0 0 -238095 0 0 0 0 0 
0 0 0 0 0 0 0 0 0 0 0 0 0 0 0 0 -238095 0 0 0 0 0 0 0 0 0 0 0 0 0 0 0 0 0 0 0 0 -119048 0 0 -476190 0 0 -119048 0 0 0 0 0 0 0 0 0 0 0 0 0 0 0 0 0 -119048 0 0 -476190 0 0 -119048 0 0 0 0 0 0 0 0 0 0 0 0 0 0 0 0 0 -238095 0 0 2.17886e+06 0 0 -238095 0 0 0 0 
0 0 0 0 0 0 0 0 0 0 0 0 0 0 0 0 0 -238095 0 0 0 0 0 0 0 0 0 0 0 0 0 0 0 0 0 0 0 0 -119048 0 0 -476190 0 0 -119048 0 0 0 0 0 0 0 0 0 0 0 0 0 0 0 0 0 -119048 0 0 -476190 0 0 -119048 0 0 0 0 0 0 0 0 0 0 0 0 0 0 0 0 0 -238095 0 0 2.17886e+06 0 0 -238095 0 0 0 
0 0 0 0 0 0 0 0 0 0 0 0 0 0 0 0 0 0 0 0 0 0 0 0 0 0 0 0 0 0 0 0 0 0 0 0 0 0 0 0 0 0 -476190 0 0 0 0 0 0 0 0 0 0 0 0 0 0 0 0 0 0 0 0 0 0 0 -476190 0 0 0 0 0 0 0 0 0 0 0 0 0 0 0 0 0 0 0 0 -238095 0 0 1.46457e+06 0 0 -238095 0 0 
0 0 0 0 0 0 0 0 0 0 0 0 0 0 0 0 0 0 0 0 0 0 0 0 0 0 0 0 0 0 0 0 0 0 0 0 0 0 0 0 0 0 0 -476190 0 0 0 0 0 0 0 0 0 0 0 0 0 0 0 0 0 0 0 0 0 0 0 -476190 0 0 0 0 0 0 0 0 0 0 0 0 0 0 0 0 0 0 0 0 -238095 0 0 1.46457e+06 0 0 -238095 0 
0 0 0 0 0 0 0 0 0 0 0 0 0 0 0 0 0 0 0 0 0 0 0 0 0 0 0 0 0 0 0 0 0 0 0 0 0 0 0 0 0 0 0 0 -476190 0 0 0 0 0 0 0 0 0 0 0 0 0 0 0 0 0 0 0 0 0 0 0 -476190 0 0 0 0 0 0 0 0 0 0 0 0 0 0 0 0 0 0 0 0 -238095 0 0 1.46457e+06 0 0 -238095 
0 0 0 0 0 0 0 0 0 0 0 0 0 0 0 0 0 0 0 0 0 -119048 0 0 0 0 0 0 0 0 0 0 0 0 0 0 0 0 0 0 0 0 -119048 0 0 -238095 0 0 0 0 0 0 0 0 0 0 0 0 0 0 0 0 0 0 0 0 -119048 0 0 -238095 0 0 0 0 0 0 0 0 0 0 0 0 0 0 0 0 0 0 0 0 -238095 0 0 3.59999e+13 0 0 
0 0 0 0 0 0 0 0 0 0 0 0 0 0 0 0 0 0 0 0 0 0 -119048 0 0 0 0 0 0 0 0 0 0 0 0 0 0 0 0 0 0 0 0 -119048 0 0 -238095 0 0 0 0 0 0 0 0 0 0 0 0 0 0 0 0 0 0 0 0 -119048 0 0 -238095 0 0 0 0 0 0 0 0 0 0 0 0 0 0 0 0 0 0 0 0 -238095 0 0 3.59999e+13 0 
0 0 0 0 0 0 0 0 0 0 0 0 0 0 0 0 0 0 0 0 0 0 0 -119048 0 0 0 0 0 0 0 0 0 0 0 0 0 0 0 0 0 0 0 0 -119048 0 0 -238095 0 0 0 0 0 0 0 0 0 0 0 0 0 0 0 0 0 0 0 0 -119048 0 0 -238095 0 0 0 0 0 0 0 0 0 0 0 0 0 0 0 0 0 0 0 0 -238095 0 0 3.59999e+13 