-0.0714286
-0.0717011
      -0.5
-0.0714286
-0.0717011
 -0.357143
-0.0714286
-0.0717011
 -0.214286
-0.0714286
-0.0717011
-0.0714286
-0.0714286
-0.0717011
 0.0714286
-0.0714286
-0.0717011
  0.214286
-0.0714286
-0.0717011
  0.357143
-0.0714286
-0.0714286
       0.5
-0.0714286
 0.0711561
      -0.5
-0.0714286
 0.0711561
 -0.357143
-0.0714286
 0.0711561
 -0.214286
-0.0714286
 0.0711561
-0.0714286
-0.0714286
 0.0711561
 0.0714286
-0.0714286
 0.0711561
  0.214286
-0.0714286
 0.0711561
  0.357143
-0.0714286
 0.0714286
       0.5
 0.0714286
-0.0717011
      -0.5
 0.0714286
-0.0717011
 -0.357143
 0.0714286
-0.0717011
 -0.214286
 0.0714286
-0.0717011
-0.0714286
 0.0714286
-0.0717011
 0.0714286
 0.0714286
-0.0717011
  0.214286
 0.0714286
-0.0717011
  0.357143
 0.0714286
-0.0714286
       0.5
 0.0714286
 0.0711561
      -0.5
 0.0714286
 0.0711561
 -0.357143
 0.0714286
 0.0711561
 -0.214286
 0.0714286
 0.0711561
-0.0714286
 0.0714286
 0.0711561
 0.0714286
 0.0714286
 0.0711561
  0.214286
 0.0714286
 0.0711561
  0.357143
 0.0714286
 0.0714286
       0.5